% -------------------------------------------------------------------
%  Generated by MATLAB on 11-Feb-2026 01:53:33
%  MATLAB version: 25.2.0.3123386 (R2025b) Update 3
% -------------------------------------------------------------------
saveVarsMat = load('Step9_SeasonalityRemovedPCA.mat');

BookstoreCode = saveVarsMat.BookstoreCode; % <1x1 table> サポートされていないクラス

R_raw = saveVarsMat.R_raw; % <34x34 double> 要素が多すぎます

R_resid = saveVarsMat.R_resid; % <34x34 double> 要素が多すぎます

X_seasonal = saveVarsMat.X_seasonal; % <366x17 double> 要素が多すぎます

Z = ...
  [19 31 0.10126225859380333;
   8 11 0.18470576158109431;
   16 17 0.22427119087822445;
   5 15 0.25631062033858304;
   10 37 0.25770231068959276;
   23 35 0.27505607473543336;
   6 34 0.27915575521591995;
   18 39 0.2974369126225514;
   36 41 0.31324841114811613;
   20 33 0.31643095988188952;
   38 42 0.3384794688392867;
   9 13 0.34166896415074838;
   12 30 0.36371342225143838;
   1 3 0.3747040344073182;
   14 32 0.38460890365159817;
   28 48 0.40753233226946928;
   4 7 0.41030791260591359;
   2 24 0.42476553320897337;
   26 27 0.4277078634375906;
   21 49 0.43148745213265449;
   25 47 0.43179274224469788;
   40 50 0.46245389582493918;
   22 45 0.47697132155087607;
   51 55 0.48606356624978736;
   29 46 0.49676025481736696;
   52 53 0.53124150642984969;
   54 58 0.55033485810762828;
   43 57 0.578356530811572;
   44 61 0.5991207967310328;
   56 60 0.62681433151652022;
   59 63 0.64931225436365525;
   62 64 0.7099570457545783;
   65 66 0.78691776896033327];

analysisData = saveVarsMat.analysisData; % <1x1 struct> analysisData.salesMatrix での要素が多すぎます

bestK = 3;

beta = [155.42092378468166; -24.874506367906157; -45.54377003916899; -24.854512122187788; ...
        -14.980043597566883; -36.964883696671109; -31.301873393500035; ...
        15.351300083706713; -1.2459331904323172; -20.752923639772739; -29.125484239380736; ...
        -17.263039457160946; 5.1777682883111309; -32.468492611819286; -41.008632977864465; ...
        -38.71253430659673; -34.688178596108244; -34.9872498018621];

c = 34;

catIdx = 34;

catName = 'ビジネス';

categoryNames = cell(34, 1);
categoryNames{1,1} = 'エンターテイメント';
categoryNames{2,1} = 'ゲーム攻略本';
categoryNames{3,1} = 'コミック';
categoryNames{4,1} = 'コンピュータ';
categoryNames{5,1} = 'ビジネス';
categoryNames{6,1} = '中学学参';
categoryNames{7,1} = '人文';
categoryNames{8,1} = '児童';
categoryNames{9,1} = '医学';
categoryNames{10,1} = '地図・ガイド';
categoryNames{11,1} = '小学学参';
categoryNames{12,1} = '就職・資格';
categoryNames{13,1} = '工学';
categoryNames{14,1} = '教育';
categoryNames{15,1} = '教養';
categoryNames{16,1} = '文庫';
categoryNames{17,1} = '文芸';
categoryNames{18,1} = '新書・選書';
categoryNames{19,1} = '日記手帳';
categoryNames{20,1} = '月刊誌';
categoryNames{21,1} = '法律';
categoryNames{22,1} = '理学';
categoryNames{23,1} = '生活';
categoryNames{24,1} = '看護学';
categoryNames{25,1} = '社会';
categoryNames{26,1} = '経営';
categoryNames{27,1} = '経済';
categoryNames{28,1} = '芸術';
categoryNames{29,1} = '薬学';
categoryNames{30,1} = '語学';
categoryNames{31,1} = '趣味';
categoryNames{32,1} = '辞典';
categoryNames{33,1} = '週刊誌';
categoryNames{34,1} = '高校学参';

categoryStats = saveVarsMat.categoryStats; % <1x1 table> サポートされていないクラス

clusterIdx = [2; 2; 2; 3; 1; 1; 3; 1; 3; 1; 1; 3; 3; 3; 1; 1; 1; 1; 2; ...
              3; 3; 1; 2; 2; 3; 2; 2; 2; 3; 3; 2; 3; 3; 1];

clusterRaw = [3; 3; 4; 5; 4; 4; 2; 4; 1; 4; 4; 4; 1; 4; 4; 4; 4; 4; 5; ...
              2; 3; 2; 5; 3; 2; 3; 3; 2; 1; 4; 5; 4; 2; 4];

coeff = saveVarsMat.coeff; % <34x33 double> 要素が多すぎます

col = 23;

colors = ...
  [0.149 0.549 0.866;
   0.96 0.466 0.16;
   1 0.909 0.392;
   0.752 0.36 0.984;
   0.286 0.858 0.25];

corrMatrix = saveVarsMat.corrMatrix; % <34x34 double> 要素が多すぎます

corrUpper = saveVarsMat.corrUpper; % <34x34 double> 要素が多すぎます

cumExplained = [27.407812061126545; 40.450173781213508; 51.976364181569011; ...
                57.50090823127011; 62.134701831909382; 66.084463094491241; ...
                70.0162976061302; 73.078841516692719; 76.04392859456317; ...
                78.524432955961828; 80.8038648971837; 82.921504765289583; ...
                84.8822540210683; 86.782484901846317; 88.384242045122889; ...
                89.93024343801892; 91.240841592226445; 92.453656556714336; ...
                93.562843195498459; 94.642597096458644; 95.560065954049875; ...
                96.287526384040873; 96.941588421445587; 97.513776184820145; ...
                98.011367570509; 98.460948280916682; 98.819758054744938; ...
                99.175474300366531; 99.439286534492226; 99.658918998315471; ...
                99.821728324704679; 99.949325114822386; 100.00000000000007; ...
                ];

dailyCategory = saveVarsMat.dailyCategory; % <1x1 table> サポートされていないクラス

dateIdx = 366;

dateRange = saveVarsMat.dateRange; % <1x1 datetime> サポートされていないクラス

dateVec = saveVarsMat.dateVec; % <1x1 datetime> サポートされていないクラス

distMatrix = saveVarsMat.distMatrix; % <34x34 double> 要素が多すぎます

distVec = [0.39280996543655894 0.3747040344073182 0.41570049709426271 0.38313981701492161 ...
           0.45915048792842666 0.40556397313843584 0.34724419656587124 ...
           0.51743510691265138 0.40872877337414587 0.33187595786221874 ...
           0.44966259795792718 0.53607692835505849 0.42057475435867819 ...
           0.40354292808637415 0.36954210959072353 0.37882894658399691 ...
           0.320562307308187 0.423465507457206 0.37281339051015217 0.46350967571785789 ...
           0.46283740337770879 0.34719612412861772 0.45372642724032564 ...
           0.51168551674265139 0.45532531629680045 0.50110744475624458 ...
           0.39402015350421549 0.48613004399566107 0.46367161448509786 ...
           0.36388582332020175 0.46714007597188295 0.47272052497703626 ...
           0.41895492266223172 0.45166990757523362 0.507296888548652 0.43980033355322484 ...
           0.47716733464903849 0.50404822187768172 0.38272757815607106 ...
           0.51579673690523742 0.42509626420001578 0.42187350590885969 ...
           0.44932731216616484 0.52549906224679688 0.47407137328172028 ...
           0.45233812507078747 0.449463192515978 0.4726631064303165 0.44488440571385385 ...
           0.43060869130694612 0.47026443332689333 0.45229517625351995 ...
           0.50885499003461632 0.45002109954156228 0.42476553320897337 ...
           0.5192297459364138 0.51378784657464494 0.48570660492799816 0.47441466817032124 ...
           0.5249192959468364 0.50950700635984481 0.41627133276266781 0.48149519707196153 ...
           0.56647841419457179 0.49023780237890235 0.48425383019022206 ...
           0.357115107444602 0.44075332931382355 0.45894623014220171 0.34914141523030723 ...
           0.51371838120360458 0.37710451799698319 0.42186782852867022 ...
           0.46905369985632367 0.50993258534604469 0.46827438282634465 ...
           0.37202489595421528 0.327937255583889 0.4160198742757949 0.3405599255349383 ...
           0.37607989833864347 0.422487496468277 0.44229654348931413 0.45143391883197337 ...
           0.39254506230669239 0.45235011745928594 0.47477270382981596 ...
           0.45454950640367592 0.50428788390097834 0.40505996852387738 ...
           0.52584528103912731 0.49162376951683912 0.34938592245132505 ...
           0.48368993638885227 0.51658483531360788 0.423693118277908 0.41639252282169331 ...
           0.41831444750442159 0.41030791260591359 0.37272191420531781 ...
           0.511083082541234 0.452040293015219 0.40146133399326894 0.40324635157870753 ...
           0.47692470377260943 0.45754716852284877 0.40245984817461372 ...
           0.40509175977046152 0.43885796666092663 0.37332471232266279 ...
           0.42794838236266947 0.41772729342221937 0.44747093364783352 ...
           0.49929355327044816 0.42260936452840503 0.48990288357609507 ...
           0.46704118208680867 0.48143664496102462 0.47355936387093778 ...
           0.46633354865360876 0.47839091454006721 0.43324774493848839 ...
           0.47703925357984472 0.47327425401504203 0.48078152449141587 ...
           0.41902684486413855 0.37313605232922664 0.44269016518036208 ...
           0.26704823319132642 0.48865386241615322 0.27710502960140088 ...
           0.36577759813259747 0.38075426112339983 0.46706609995803683 ...
           0.43198587623115914 0.25631062033858304 0.28717513185900867 ...
           0.32758456073002851 0.31884507745482649 0.35108774016008409 ...
           0.43881265739227882 0.42369353120050668 0.38246911066769551 ...
           0.30299053149868027 0.43222726811028533 0.44681693223256974 ...
           0.37571180166877421 0.42659880923484272 0.39979241335378712 ...
           0.51254446967721634 0.376534869779179 0.27776643201520262 0.41083924837521041 ...
           0.63203550943967268 0.38611079855647834 0.45156419505607348 ...
           0.29438926298437446 0.49362221398862249 0.36385553047279062 ...
           0.25972565086593957 0.31957910310351 0.44629007998846987 0.43385473767945038 ...
           0.40135035124307095 0.35691904545356845 0.34725217488789228 ...
           0.37724005529696558 0.49003785092047081 0.48565116433426 0.46043491892335153 ...
           0.45644665245336524 0.46362162050481304 0.47073079557472636 ...
           0.4516152087298364 0.47494345077310346 0.45442503220539832 0.48202385689009775 ...
           0.49834192610944811 0.33823884931763237 0.47748672695252919 ...
           0.39253968230400266 0.5844303356929379 0.27915575521591995 0.50348226627348347 ...
           0.54386932205940641 0.42698974482560748 0.491204584235017 0.4066403082365122 ...
           0.5074222007134126 0.51690700729642458 0.40062134905885149 0.41301500866705865 ...
           0.39179258723068533 0.40959632762972209 0.54433175151007807 ...
           0.40571576068770354 0.46576398895563281 0.4827286513293691 0.426406028007264 ...
           0.54096002801042 0.45471821996316414 0.45727821947180713 0.49109305634591066 ...
           0.41052224822208733 0.47033512677835487 0.47047006538165004 ...
           0.49058638630421 0.5052887918246981 0.41451884757838403 0.48550718379559787 ...
           0.52068545783094944 0.26581209101150921 0.18470576158109431 ...
           0.39769385548797725 0.51447869652643385 0.41129308905033413 ...
           0.29245466067037995 0.28984180926206626 0.33229991094076883 ...
           0.32096252136898362 0.36834012075306721 0.4534429266557467 0.47685219288437614 ...
           0.44419873443591174 0.39897904354168229 0.45896883107257547 ...
           0.4769636645223107 0.4550215227765434 0.460324235069333 0.42747226330492338 ...
           0.51401004078226631 0.412293245400975 0.312456071648282 0.42637489733867862 ...
           0.69081182820104048 0.28282373467224048 0.5218731858871285 0.50082407567383092 ...
           0.51825276030763567 0.34166896415074838 0.50462579840807453 ...
           0.50435881588434961 0.49842739228605681 0.4756218017847193 0.48439119736571057 ...
           0.50382008544952306 0.54454150688036029 0.47836839560248468 ...
           0.46320326088748592 0.49356164077469133 0.47251517013766076 ...
           0.47346330331570458 0.50837091831409276 0.50622406254394448 ...
           0.52537445435792574 0.4714410445536954 0.51320775251838324 0.49925801615358539 ...
           0.51202675191121561 0.5044283789206685 0.51296155106053942 0.35005992046047735 ...
           0.35036897757643304 0.503112171396432 0.44410514490658276 0.26266668962557083 ...
           0.22586397065775177 0.27156946015672645 0.31280745142515531 ...
           0.52572956627935707 0.39579888330344937 0.44216836798776588 ...
           0.41412713278899671 0.33716393433847858 0.45023847707326603 ...
           0.42301442938866662 0.42937585469282524 0.42158270820210392 ...
           0.37715032689269151 0.45073153146942496 0.39289753240542385 ...
           0.44063579218558491 0.39196483924470527 0.56866163660280211 ...
           0.33964149619236506 0.40606261219138684 0.45871899904434776 ...
           0.36442970247022094 0.39438961225600955 0.351212323853189 0.37894677858828374 ...
           0.37994947049801009 0.4066795673030435 0.43180086347186963 0.46078503353189654 ...
           0.44357082874945714 0.43798580657381975 0.46079699856232892 ...
           0.47576718113929883 0.46496913524197453 0.46074148100505175 ...
           0.4676382070647771 0.49694543737465841 0.39168117529502655 0.40268796087673031 ...
           0.4405602238957555 0.557371066710808 0.27236294063783367 0.450314522736675 ...
           0.49243010586865288 0.41119379975572529 0.37613275679876063 ...
           0.39661347526581869 0.41735916053671085 0.53608823211989332 ...
           0.48210234918477407 0.45620694268296497 0.50554368336308153 ...
           0.39453931005724574 0.49899665718922853 0.40263476713262991 ...
           0.5041916268991441 0.4341096570749875 0.44382738721631271 0.4649163822422423 ...
           0.36371342225143838 0.47979488248168062 0.39673936718725744 ...
           0.51023891746706918 0.38144072007989305 0.44997349918691237 ...
           0.48348670605556482 0.46988808708237118 0.44640542169154157 ...
           0.50858212233739308 0.51698380215824113 0.54948179664619345 ...
           0.42795448084151932 0.4527994001143657 0.52685304947206246 0.54502368646386323 ...
           0.462433749366886 0.52212157181432584 0.51569803151412719 0.47262052187085535 ...
           0.45416770932263151 0.37367542516564578 0.502583254018086 0.462844325299868 ...
           0.5056948167351778 0.46966596837871966 0.42561744844907989 0.44649910945206106 ...
           0.48799139124524626 0.46539214476203516 0.41670213047927845 ...
           0.48963159885810292 0.42834322199730529 0.47632965994215 0.43819684653229046 ...
           0.49064313848953645 0.4190855238866219 0.50588090357854654 0.47210835011179708 ...
           0.466220627177201 0.52554573765396917 0.41330062889309682 0.44692401188410452 ...
           0.38460890365159817 0.53746956644078714 0.46288649876305438 ...
           0.26033201482186413 0.2817159874075032 0.30969510600178857 0.40128571827502035 ...
           0.40605242943189268 0.43098739307007589 0.3878835797707193 0.29696375420362919 ...
           0.47602245979968011 0.44533789363721715 0.4168286485434638 0.43710044697352518 ...
           0.35920105611421632 0.50414358793538938 0.40445755399524586 ...
           0.33269152647590561 0.40998601397033485 0.54120317561950082 ...
           0.40408313806722124 0.22427119087822445 0.22460261350712851 ...
           0.42092312931948961 0.27387249399509161 0.38641864845285345 ...
           0.42851890131047121 0.27043346702272836 0.47304118479894675 ...
           0.44055715551622676 0.45961346347438353 0.45519857566611904 ...
           0.37443930031171857 0.50411486467999889 0.39108173732184737 ...
           0.34261308264429968 0.4395340396619617 0.46416195698019641 0.31480769585285728 ...
           0.294951898308662 0.54332775606188788 0.28870367355274745 0.38901133431514323 ...
           0.40811077454175915 0.346300485031984 0.47748113076889015 0.4478391195832796 ...
           0.45041219631701085 0.4356750647903247 0.384795740115387 0.50274191775033183 ...
           0.37707883448469742 0.43455423270803029 0.418186447898125 0.47354575860218684 ...
           0.36124588017739734 0.4453230910449556 0.30812561264856619 0.37640032673534085 ...
           0.41298358711991762 0.32961722652111708 0.49125466204579393 ...
           0.47571927774226669 0.42439930877290322 0.45488212584042975 ...
           0.439157383259304 0.503563460288488 0.40257630405943462 0.3818921861726034 ...
           0.44314700495178994 0.47266405137345779 0.38588896912598286 ...
           0.506219114018814 0.46228118746848523 0.51995906523441582 0.26450062028144222 ...
           0.48639086625974876 0.51429972418893577 0.4625815317402468 0.47764321075464145 ...
           0.39062259806950528 0.53467694950984757 0.48197400893241948 ...
           0.10126225859380333 0.50462212843923115 0.57055490809762655 ...
           0.49513736171831768 0.42968064266323469 0.43652384381072179 ...
           0.31741920695241027 0.5102688885753095 0.44321371812640986 0.47592233936863326 ...
           0.46034030342052584 0.36889545021636505 0.47289678979984251 ...
           0.445908802329607 0.44846144154596557 0.49534816213486355 0.31643095988188952 ...
           0.47113563384333879 0.48900863943497835 0.41512382937840264 ...
           0.48437823239966743 0.44477748757857138 0.46520451554887632 ...
           0.454226531286136 0.44614736218707307 0.5336309256131081 0.43046010076302005 ...
           0.44327033361086055 0.41201483052786342 0.42465369688908472 ...
           0.46508867401591325 0.44059043771360817 0.52761628998397314 ...
           0.44071853240347447 0.49285485421663577 0.50173335319258472 ...
           0.41949486256614005 0.48701764270209758 0.42362960721661952 ...
           0.45501486804394259 0.50258260329268256 0.50057213987617644 ...
           0.47056382754905146 0.44881189111378067 0.452432385026206 0.45032517251070875 ...
           0.4398797589728472 0.33064179576883979 0.5003659342658382 0.41780816178078573 ...
           0.22056792774967965 0.44717359008021973 0.4164632014305284 0.45282444706147368 ...
           0.53390106266860815 0.45042415835231553 0.47436702158822008 ...
           0.5421810686209636 0.4975519166805894 0.51936129977049528 0.49190192728387394 ...
           0.47252576184396533 0.55978285870196176 0.49876520971906207 ...
           0.44680491868880662 0.47524093943397733 0.43757202245293159 ...
           0.48244039059368216 0.42859821446405211 0.490566842934724 0.52449037845688662 ...
           0.45743675805681205 0.500780003639362 0.4277078634375906 0.44217185444950646 ...
           0.51457295318880192 0.48868457517717068 0.43184690956555205 ...
           0.51084945526634051 0.50017487875904654 0.48202557816426106 ...
           0.46196060429825653 0.49523859820017524 0.48882239301051728 ...
           0.48117508382048396 0.5056722335783721 0.46304931708180042 0.47337288078533829 ...
           0.45633392507751896 0.48128027553981245 0.34408559561923641 ...
           0.50300593425275042 0.46376422881015728 0.49414768031115119 ...
           0.50509992758542543 0.53441229397653378 0.53178865790168328 ...
           0.50707127441937694 0.49909687238783029 0.43747997446547043 ...
           0.38217830409415943 0.51630316492115069 0.36053698560713865 ...
           0.48345443328110443 0.55522218358307818 0.44341269313511522 ...
           0.55739208029357989 0.41884931513923479 0.53620498782444781];

dowDummy = saveVarsMat.dowDummy; % <366x6 double> 要素が多すぎます

explained = [27.407812061126545; 13.042361720086959; 11.526190400355505; ...
             5.5245440497010989; 4.6337936006392724; 3.9497612625818572; ...
             3.9318345116389506; 3.0625439105625247; 2.9650870778704457; ...
             2.4805043613986641; 2.2794319412218731; 2.1176398681058823; ...
             1.9607492557787198; 1.9002308807780071; 1.601757143276572; ...
             1.5460013928960334; 1.3105981542075307; 1.2128149644878845; ...
             1.1091866387841203; 1.0797539009601815; 0.9174688575912372; ...
             0.7274604299910008; 0.65406203740471058; 0.57218776337455557; ...
             0.49759138568885325; 0.44958071040768338; 0.35880977382825718; ...
             0.35571624562159559; 0.26381223412569915; 0.21963246382324295; ...
             0.16280932638920598; 0.12759679011770103; 0.050674885177688971; ...
             ];

i = 33;

isMember = logical([1; 1; 1; 1; 1; 1; 1; 1; 1; 1]);

j = 34;

k = 3;

latent = [0.34952076748628397; 0.16632397610110994; 0.14698885507315848; ...
          0.070452280975832976; 0.059092899938759241; 0.050369711555460113; ...
          0.0501410989345721; 0.039055386679277361; 0.037812559018194893; ...
          0.03163287117612773; 0.029068675739302045; 0.027005406717952311; ...
          0.025004644048181986; 0.024232877632457284; 0.020426562499628206; ...
          0.019715531913847895; 0.016713529401875749; 0.015466539841313836; ...
          0.014145009620203238; 0.013769665791571382; 0.011700110119511404; ...
          0.0092770093154201875; 0.0083409892328319083; 0.0072968796544175749; ...
          0.0063455821512730754; 0.0057333213829058724; 0.00457575625702381; ...
          0.00453630574011931; 0.0033642909670512232; 0.0028008841840127551; ...
          0.0020762416418562235; 0.0016271903759140145; 0.0006462363621030007; ...
          ];

marker = ' ★同一クラスタ → 配置候補';

meanCorr = 0.07369127205123524;

members = [4; 7; 9; 12; 13; 14; 20; 21; 25; 29; 30; 32; 33];

monthDummy = saveVarsMat.monthDummy; % <366x11 double> 要素が多すぎます

nCategories = 34;

nCats = 34;

nDates = 366;

nDays = 366;

nMajorCat = 7051;

nStores = 35;

numTop = 10;

r = -0.072409975648895619;

rawData_dailyCustomer = saveVarsMat.rawData_dailyCustomer; % <1x1 timetable> サポートされていないクラス

rawData_dailySales = saveVarsMat.rawData_dailySales; % <1x1 table> サポートされていないクラス

residualMatrix = saveVarsMat.residualMatrix; % <366x34 double> 要素が多すぎます

row = 19;

salesMatrix = saveVarsMat.salesMatrix; % <366x34 double> 要素が多すぎます

sameCluster = true;

score = saveVarsMat.score; % <34x33 double> 要素が多すぎます

scoreRaw = saveVarsMat.scoreRaw; % <34x33 double> 要素が多すぎます

silScores = [0; 0.30377131668889246; 0.30893513844685688; 0.26755958131164342; ...
             0.24712504933008408; 0.30618263003763196; 0.2650709270597959; ...
             0.19058803679287414];

sortedCorr = saveVarsMat.sortedCorr; % <1156x1 double> 要素が多すぎます

sortedIdx = saveVarsMat.sortedIdx; % <1156x1 double> 要素が多すぎます

subR = ...
  [1 0.17938417478817281 -0.022166165082468114 0.19350729684258497 0.046150592454781113 ...
   0.084905662954302463 0.16454541315556126 0.105058132704333 0.0659176358263826 ...
   0.043218170919865524 0.13350451012302317 0.053451491969915978 0.038436951017168285 ...
   ;
   0.17938417478817281 1 -0.087738644118812839 0.18671938352697565 -0.014844401426825258 ...
   -0.033814014592849218 0.18856847862459292 0.0684720220887344 0.090563560073671737 ...
   0.059329746443290213 0.059059869236699938 -0.01057758364939611 0.17096230484323197 ...
   ;
   -0.022166165082468114 -0.087738644118812839 1 -0.036505520615271354 ...
   0.31666207169850324 -0.0092515968161490381 -0.0890830137607206 0.043263208795030615 ...
   0.05307339336859089 0.057117910892609161 -0.026415505036766439 -0.0240535038224311 ...
   -0.0088567578413368854;
   0.19350729684258497 0.18671938352697565 -0.036505520615271354 1 0.099370954526649985 ...
   0.015139788262694291 0.035795301630451873 0.087586114634070109 0.19473046573474018 ...
   0.070167235515515458 0.27257315549712324 0.20652126562548506 -0.020477834934138458 ...
   ;
   0.046150592454781113 -0.014844401426825258 0.31666207169850324 0.099370954526649985 ...
   1 0.10005300162617528 -0.098963593292386812 0.1440910383169613 0.075132501266227988 ...
   0.091664581354736929 0.25264914966870844 0.074311349400263932 -0.01138963347035557 ...
   ;
   0.084905662954302463 -0.033814014592849218 -0.0092515968161490381 0.015139788262694291 ...
   0.10005300162617528 1 0.020736802283794174 0.14331355600538942 0.16182895222675614 ...
   -0.051091475307938422 0.17339874221380636 0.23078219269680372 -0.074939132881574208 ...
   ;
   0.16454541315556126 0.18856847862459292 -0.0890830137607206 0.035795301630451873 ...
   -0.098963593292386812 0.020736802283794174 1 0.14063871467353062 0.11357256374718026 ...
   0.054206420400314988 0.10818239534078604 0.0093036757302728968 0.36713808023622091 ...
   ;
   0.105058132704333 0.0684720220887344 0.043263208795030615 0.087586114634070109 ...
   0.1440910383169613 0.14331355600538942 0.14063871467353062 1 0.11044502484285727 ...
   -0.0672618512262162 0.13907979847395993 0.17597033894427314 0.15069260622183053 ...
   ;
   0.0659176358263826 0.090563560073671737 0.05307339336859089 0.19473046573474018 ...
   0.075132501266227988 0.16182895222675614 0.11357256374718026 0.11044502484285727 ...
   1 0.035119218812635689 0.14280357107189579 -0.04898075691377328 0.085126483886375878 ...
   ;
   0.043218170919865524 0.059329746443290213 0.057117910892609161 0.070167235515515458 ...
   0.091664581354736929 -0.051091475307938422 0.054206420400314988 -0.0672618512262162 ...
   0.035119218812635689 1 -0.010199855170850919 -0.063577315803366646 -0.014142548838753807 ...
   ;
   0.13350451012302317 0.059059869236699938 -0.026415505036766439 0.27257315549712324 ...
   0.25264914966870844 0.17339874221380636 0.10818239534078604 0.13907979847395993 ...
   0.14280357107189579 -0.010199855170850919 1 0.23564339181168115 -0.032606329842301343 ...
   ;
   0.053451491969915978 -0.01057758364939611 -0.0240535038224311 0.20652126562548506 ...
   0.074311349400263932 0.23078219269680372 0.0093036757302728968 0.17597033894427314 ...
   -0.04898075691377328 -0.063577315803366646 0.23564339181168115 1 -0.11478416058715982 ...
   ;
   0.038436951017168285 0.17096230484323197 -0.0088567578413368854 -0.020477834934138458 ...
   -0.01138963347035557 -0.074939132881574208 0.36713808023622091 0.15069260622183053 ...
   0.085126483886375878 -0.014142548838753807 -0.032606329842301343 -0.11478416058715982 ...
   1];

top10 = saveVarsMat.top10; % <1x1 table> サポートされていないクラス

top10Categories = saveVarsMat.top10Categories; % <1x1 categorical> サポートされていないクラス

top10IdxMapping = [3; 20; 16; 8; 33; 31; 23; 17; 10; 5];

top10SalesMatrix = saveVarsMat.top10SalesMatrix; % <10x366 double> 要素が多すぎます

topIdx = [1; 2; 3];

topPercentages = [29.457241844018149; 18.242612401641374; 13.426670914640432; ...
                  6.9343415456093531; 4.2508133194422326; 3.8528639322323239; ...
                  2.9242017798896494; 2.369189525791533; 2.2152785645710469; ...
                  2.119741748183182];

topSales = [1.383186E+6; 856595; 630459; 325607; 199600; 180914; 137308; ...
            111247; 104020; 99534];

totalBooks = 4.706637E+6;

totalSales = 4.695572E+6;

uniqueCategories = saveVarsMat.uniqueCategories; % <1x1 categorical> サポートされていないクラス

uniqueDates = saveVarsMat.uniqueDates; % <1x1 datetime> サポートされていないクラス

upperTriIdx = logical( ...
  [0 1 1 1 1 1 1 1 1 1 1 1 1;
   0 0 1 1 1 1 1 1 1 1 1 1 1;
   0 0 0 1 1 1 1 1 1 1 1 1 1;
   0 0 0 0 1 1 1 1 1 1 1 1 1;
   0 0 0 0 0 1 1 1 1 1 1 1 1;
   0 0 0 0 0 0 1 1 1 1 1 1 1;
   0 0 0 0 0 0 0 1 1 1 1 1 1;
   0 0 0 0 0 0 0 0 1 1 1 1 1;
   0 0 0 0 0 0 0 0 0 1 1 1 1;
   0 0 0 0 0 0 0 0 0 0 1 1 1;
   0 0 0 0 0 0 0 0 0 0 0 1 1;
   0 0 0 0 0 0 0 0 0 0 0 0 1;
   0 0 0 0 0 0 0 0 0 0 0 0 0]);

validCategories = logical([1; 1; 1; 1; 1; 1; 1; 1; 1; 1; 1; 1; 1; 1; 1; ...
                           1; 1; 1; 1; 1; 1; 1; 1; 1; 1; 1; 1; 1; 1; 1; ...
                           1; 1; 1; 1]);

validCategoryNames = saveVarsMat.validCategoryNames; % <1x1 categorical> サポートされていないクラス

validIdx = [1; 2; 3; 4; 5; 6; 7; 8; 9; 10; 11; 12; 13; 14; 15; 16; 17; ...
            18; 19; 20; 21; 22; 23; 24; 25; 26; 27; 28; 29; 30; 31; 32; ...
            33; 34; 35; 36; 37; 38; 39; 40; 41; 42; 43; 44; 45; 46; 47; ...
            48; 49; 50; 51; 52; 53; 54; 55; 56; 57; 58; 59; 60; 61; 62; ...
            63; 64; 65; 66; 67; 68; 69; 70; 71; 72; 73; 74; 75; 76; 77; ...
            78; 79; 80; 81; 82; 83; 84; 85; 86; 87; 88; 89; 90; 91; 92; ...
            93; 94; 95; 96; 97; 98; 99; 100; 101; 102; 103; 104; 105; 106; ...
            107; 108; 109; 110; 111; 112; 113; 114; 115; 116; 117; 118; ...
            119; 120; 121; 122; 123; 124; 125; 126; 127; 128; 129; 130; ...
            131; 132; 133; 134; 135; 136; 137; 138; 139; 140; 141; 142; ...
            143; 144; 145; 146; 147; 148; 149; 150; 151; 152; 153; 154; ...
            155; 156; 157; 158; 159; 160; 161; 162; 163; 164; 165; 166; ...
            167; 168; 169; 170; 171; 172; 173; 174; 175; 176; 177; 178; ...
            179; 180; 181; 182; 183; 184; 185; 186; 187; 188; 189; 190; ...
            191; 192; 193; 194; 195; 196; 197; 198; 199; 200; 201; 202; ...
            203; 204; 205; 206; 207; 208; 209; 210; 211; 212; 213; 214; ...
            215; 216; 217; 218; 219; 220; 221; 222; 223; 224; 225; 226; ...
            227; 228; 229; 230; 231; 232; 233; 234; 235; 236; 237; 238; ...
            239; 240; 241; 242; 243; 244; 245; 246; 247; 248; 249; 250; ...
            251; 252; 253; 254; 255; 256; 257; 258; 259; 260; 261; 262; ...
            263; 264; 265; 266; 267; 268; 269; 270; 271; 272; 273; 274; ...
            275; 276; 277; 278; 279; 280; 281; 282; 283; 284; 285; 286; ...
            287; 288; 289; 290; 291; 292; 293; 294; 295; 296; 297; 298; ...
            299; 300; 301; 302; 303; 304; 305; 306; 307; 308; 309; 310; ...
            311; 312; 313; 314; 315; 316; 317; 318; 319; 320; 321; 322; ...
            323; 324; 325; 326; 327; 328; 329; 330; 331; 332; 333; 334; ...
            335; 336; 337; 338; 339; 340; 341; 342; 343; 344; 345; 346; ...
            347; 348; 349; 350; 351; 352; 353; 354; 355; 356; 357; 358; ...
            359; 360; 361; 362; 363; 364; 365; 366; 367; 368; 369; 370; ...
            371; 372; 373; 374; 375; 376; 377; 378; 379; 380; 381; 382; ...
            383; 384; 385; 386; 387; 388; 389; 390; 391; 392; 393; 394; ...
            395; 396; 397; 398; 399; 400; 401; 402; 403; 404; 405; 406; ...
            407; 408; 409; 410; 411; 412; 413; 414; 415; 416; 417; 418; ...
            419; 420; 421; 422; 423; 424; 425; 426; 427; 428; 429; 430; ...
            431; 432; 433; 434; 435; 436; 437; 438; 439; 440; 441; 442; ...
            443; 444; 445; 446; 447; 448; 449; 450; 451; 452; 453; 454; ...
            455; 456];

validSalesMatrix = saveVarsMat.validSalesMatrix; % <34x366 double> 要素が多すぎます

y = [40; 98; 101; 112; 98; 91; 91; 83; 105; 79; 85; 71; 97; 138; 167; 125; ...
     111; 113; 140; 142; 139; 122; 106; 94; 101; 81; 127; 140; 83; 73; ...
     75; 93; 61; 126; 120; 51; 45; 78; 63; 86; 92; 123; 102; 91; 89; 74; ...
     96; 104; 141; 67; 57; 76; 58; 88; 83; 94; 82; 71; 81; 53; 79; 130; ...
     84; 84; 59; 116; 78; 108; 151; 126; 88; 76; 132; 108; 121; 120; 139; ...
     115; 105; 131; 110; 97; 97; 104; 104; 93; 142; 93; 105; 119; 97; 93; ...
     138; 95; 124; 124; 144; 120; 122; 103; 107; 119; 125; 181; 202; 86; ...
     99; 87; 98; 85; 161; 145; 84; 90; 70; 83; 67; 129; 155; 122; 75; 84; ...
     123; 116; 108; 109; 120; 76; 74; 103; 103; 140; 144; 76; 81; 98; 84; ...
     83; 115; 113; 85; 53; 65; 48; 54; 107; 103; 68; 90; 97; 76; 61; 123; ...
     127; 87; 93; 95; 93; 87; 126; 111; 88; 86; 90; 90; 94; 119; 155; 78; ...
     74; 88; 101; 60; 123; 142; 93; 102; 118; 88; 51; 126; 114; 66; 89; ...
     89; 81; 106; 121; 180; 97; 86; 108; 97; 117; 204; 186; 134; 119; 139; ...
     132; 175; 211; 244; 207; 173; 180; 169; 174; 165; 205; 128; 145; 148; ...
     149; 130; 156; 159; 167; 149; 117; 162; 187; 160; 113; 153; 130; 112; ...
     138; 81; 156; 131; 111; 121; 104; 140; 88; 109; 161; 100; 79; 128; ...
     102; 74; 136; 124; 98; 79; 100; 122; 102; 129; 138; 128; 101; 99; ...
     103; 81; 164; 130; 124; 88; 86; 89; 96; 113; 149; 112; 96; 78; 78; ...
     109; 130; 144; 116; 98; 88; 90; 91; 109; 155; 92; 67; 76; 83; 98; ...
     145; 131; 129; 94; 57; 79; 77; 138; 102; 99; 116; 71; 109; 87; 138; ...
     161; 61; 85; 84; 84; 98; 122; 203; 143; 80; 84; 74; 116; 157; 200; ...
     119; 79; 81; 100; 99; 150; 144; 88; 103; 85; 92; 106; 134; 113; 105; ...
     83; 77; 98; 105; 165; 160; 91; 97; 96; 106; 125; 193; 170; 114; 114; ...
     83; 101; 119; 185; 166; 112; 93; 89; 140; 143; 159; 155; 119; 117; ...
     135; 150; 131; 151; 148; 142; 139];

yHat = [98.077924804956226; 89.537784438911046; 91.833883110178789; 95.858238820667268; ...
        95.5591676149134; 130.54641741677551; 135.72418570508665; 98.077924804956226; ...
        89.537784438911046; 91.833883110178789; 95.858238820667268; 95.5591676149134; ...
        130.54641741677551; 135.72418570508665; 98.077924804956226; 89.537784438911046; ...
        91.833883110178789; 95.858238820667268; 95.5591676149134; 130.54641741677551; ...
        135.72418570508665; 98.077924804956226; 89.537784438911046; 91.833883110178789; ...
        95.858238820667268; 95.5591676149134; 130.54641741677551; 135.72418570508665; ...
        98.077924804956226; 89.537784438911046; 91.833883110178789; 75.188975149404428; ...
        74.88990394365058; 109.87715374551267; 115.0549220338238; 77.408661133693386; ...
        68.8685207676482; 71.164619438915935; 75.188975149404428; 74.88990394365058; ...
        109.87715374551267; 115.0549220338238; 77.408661133693386; 68.8685207676482; ...
        71.164619438915935; 75.188975149404428; 74.88990394365058; 109.87715374551267; ...
        115.0549220338238; 77.408661133693386; 68.8685207676482; 71.164619438915935; ...
        75.188975149404428; 74.88990394365058; 109.87715374551267; 115.0549220338238; ...
        77.408661133693386; 68.8685207676482; 71.164619438915935; 75.188975149404428; ...
        95.579161860631757; 130.56641166249386; 135.744179950805; 98.097919050674577; ...
        89.5577786846294; 91.85387735589714; 95.878233066385619; 95.579161860631757; ...
        130.56641166249386; 135.744179950805; 98.097919050674577; 89.5577786846294; ...
        91.85387735589714; 95.878233066385619; 95.579161860631757; 130.56641166249386; ...
        135.744179950805; 98.097919050674577; 89.5577786846294; 91.85387735589714; ...
        95.878233066385619; 95.579161860631757; 130.56641166249386; 135.744179950805; ...
        98.097919050674577; 89.5577786846294; 91.85387735589714; 95.878233066385619; ...
        95.579161860631757; 130.56641166249386; 135.744179950805; 107.97238757529549; ...
        99.4322472092503; 101.72834588051805; 105.75270159100653; 105.45363038525267; ...
        140.44088018711477; 145.61864847542591; 107.97238757529549; 99.4322472092503; ...
        101.72834588051805; 105.75270159100653; 105.45363038525267; 140.44088018711477; ...
        145.61864847542591; 107.97238757529549; 99.4322472092503; 101.72834588051805; ...
        105.75270159100653; 105.45363038525267; 140.44088018711477; 145.61864847542591; ...
        107.97238757529549; 99.4322472092503; 101.72834588051805; 105.75270159100653; ...
        105.45363038525267; 140.44088018711477; 145.61864847542591; 107.97238757529549; ...
        99.4322472092503; 79.74350578141383; 83.767861491902309; 83.468790286148447; ...
        118.45604008801055; 123.63380837632168; 85.987547476191267; 77.447407110146088; ...
        79.74350578141383; 83.767861491902309; 83.468790286148447; 118.45604008801055; ...
        123.63380837632168; 85.987547476191267; 77.447407110146088; 79.74350578141383; ...
        83.767861491902309; 83.468790286148447; 118.45604008801055; 123.63380837632168; ...
        85.987547476191267; 77.447407110146088; 79.74350578141383; 83.767861491902309; ...
        83.468790286148447; 118.45604008801055; 123.63380837632168; 85.987547476191267; ...
        77.447407110146088; 79.74350578141383; 83.767861491902309; 83.468790286148447; ...
        124.11905039118163; 129.29681867949276; 91.650557779362344; 83.110417413317165; ...
        85.4065160845849; 89.430871795073386; 89.131800589319539; 124.11905039118163; ...
        129.29681867949276; 91.650557779362344; 83.110417413317165; 85.4065160845849; ...
        89.430871795073386; 89.131800589319539; 124.11905039118163; 129.29681867949276; ...
        91.650557779362344; 83.110417413317165; 85.4065160845849; 89.430871795073386; ...
        89.131800589319539; 124.11905039118163; 129.29681867949276; 91.650557779362344; ...
        83.110417413317165; 85.4065160845849; 89.430871795073386; 89.131800589319539; ...
        124.11905039118163; 129.29681867949276; 138.30373125656911; 129.76359089052391; ...
        132.05968956179166; 136.08404527228015; 135.78497406652627; 170.77222386838838; ...
        175.94999215669952; 138.30373125656911; 129.76359089052391; 132.05968956179166; ...
        136.08404527228015; 135.78497406652627; 170.77222386838838; 175.94999215669952; ...
        138.30373125656911; 129.76359089052391; 132.05968956179166; 136.08404527228015; ...
        135.78497406652627; 170.77222386838838; 175.94999215669952; 138.30373125656911; ...
        129.76359089052391; 132.05968956179166; 136.08404527228015; 135.78497406652627; ...
        170.77222386838838; 175.94999215669952; 138.30373125656911; 129.76359089052391; ...
        132.05968956179166; 119.48681199814111; 119.18774079238725; 154.17499059424935; ...
        159.35275888256049; 121.70649798243007; 113.16635761638489; 115.46245628765263; ...
        119.48681199814111; 119.18774079238725; 154.17499059424935; 159.35275888256049; ...
        121.70649798243007; 113.16635761638489; 115.46245628765263; 119.48681199814111; ...
        119.18774079238725; 154.17499059424935; 159.35275888256049; 121.70649798243007; ...
        113.16635761638489; 115.46245628765263; 119.48681199814111; 119.18774079238725; ...
        154.17499059424935; 159.35275888256049; 121.70649798243007; 113.16635761638489; ...
        115.46245628765263; 119.48681199814111; 119.18774079238725; 154.17499059424935; ...
        139.84576843322006; 102.19950753308963; 93.659367167044451; 95.9554658383122; ...
        99.979821548800672; 99.68075034304681; 134.66800014490892; 139.84576843322006; ...
        102.19950753308963; 93.659367167044451; 95.9554658383122; 99.979821548800672; ...
        99.68075034304681; 134.66800014490892; 139.84576843322006; 102.19950753308963; ...
        93.659367167044451; 95.9554658383122; 99.979821548800672; 99.68075034304681; ...
        134.66800014490892; 139.84576843322006; 102.19950753308963; 93.659367167044451; ...
        95.9554658383122; 99.979821548800672; 99.68075034304681; 134.66800014490892; ...
        139.84576843322006; 102.19950753308963; 85.286806567436457; 87.5829052387042; ...
        91.607260949192678; 91.308189743438817; 126.29543954530092; 131.47320783361207; ...
        93.826946933481636; 85.286806567436457; 87.5829052387042; 91.607260949192678; ...
        91.308189743438817; 126.29543954530092; 131.47320783361207; 93.826946933481636; ...
        85.286806567436457; 87.5829052387042; 91.607260949192678; 91.308189743438817; ...
        126.29543954530092; 131.47320783361207; 93.826946933481636; 85.286806567436457; ...
        87.5829052387042; 91.607260949192678; 91.308189743438817; 126.29543954530092; ...
        131.47320783361207; 93.826946933481636; 85.286806567436457; 87.5829052387042; ...
        91.607260949192678; 103.17063452565861; 138.15788432752072; 143.33565261583186; ...
        105.68939171570143; 97.149251349656254; 99.445350020924; 103.46970573141247; ...
        103.17063452565861; 138.15788432752072; 143.33565261583186; 105.68939171570143; ...
        97.149251349656254; 99.445350020924; 103.46970573141247; 103.17063452565861; ...
        138.15788432752072; 143.33565261583186; 105.68939171570143; 97.149251349656254; ...
        99.445350020924; 103.46970573141247; 103.17063452565861; 138.15788432752072; ...
        143.33565261583186; 105.68939171570143; 97.149251349656254; 99.445350020924; ...
        103.46970573141247; 103.17063452565861; 138.15788432752072; 160.5986920729928; ...
        122.95243117286238; 114.4122908068172; 116.70838947808494; 120.73274518857342; ...
        120.43367398281956; 155.42092378468166; 160.5986920729928; 122.95243117286238; ...
        114.4122908068172; 116.70838947808494; 120.73274518857342; 120.43367398281956; ...
        155.42092378468166; 160.5986920729928; 122.95243117286238; 114.4122908068172; ...
        116.70838947808494; 120.73274518857342; 120.43367398281956; 155.42092378468166; ...
        160.5986920729928; 122.95243117286238; 114.4122908068172; 116.70838947808494; ...
        120.73274518857342; 120.43367398281956; 155.42092378468166; 160.5986920729928; ...
        122.95243117286238; 114.4122908068172];

clear saveVarsMat;
